height,weight
2.07,46.45
1.63,77.25
1.64,43.39
1.54,49.45
1.92,69.67
1.29,81.89
2.1,64.43
1.6,52.75
1.81,76.92
1.7,70.72
2.04,65.83
1.34,37.21
1.69,62.08
1.67,48.23
1.98,36.78
1.53,55.82
1.72,89.21
1.57,72.59
1.76,60.93
1.87,61.2
1.53,59.6
1.98,66.3
1.93,56.32
1.85,44.36
1.93,50.98
1.61,69.76
1.73,67.56
1.56,44.23
1.7,58.51
1.86,69.23
1.61,48.37
1.67,84.82
1.61,46.95
1.58,54.85
1.62,85.55
1.75,54.2
1.53,38.15
1.8,48.16
2.08,49.73
1.9,73.9
1.71,64.65
1.57,58.14
1.6,59.21
2.09,62.93
1.76,80.31
1.62,54.53
1.79,48.59
2.17,56.05
1.77,54.41
1.87,64.93
1.81,54.61
1.68,55.53
1.52,49.7
1.68,49.15
1.71,53.14
1.87,64.34
1.92,69.88
1.94,64.24
1.81,38.38
1.93,77.8
1.6,103.14
2.0,55.91
1.85,44.68
1.69,63.76
1.85,77.81
1.73,53.2
1.98,71.03
2.05,60.8
2.19,79.97
1.47,68.46
1.46,65.9
1.65,36.63
1.78,54.38
1.93,65.63
1.81,94.26
1.35,72.68
1.69,67.74
1.92,43.35
1.8,57.29
1.9,29.72
1.71,37.17
1.71,44.57
1.79,47.58
1.83,52.9
1.79,43.41
1.77,61.69
1.62,42.0
1.83,70.6
1.77,47.96
1.98,57.37
1.99,55.96
1.79,47.01
1.67,68.08
1.62,48.45
1.83,65.89
1.77,51.59
1.68,60.2
1.76,51.65
1.63,84.84
1.89,73.75
1.66,101.28
1.99,39.7
1.83,86.84
1.87,66.47
1.53,69.66
1.78,60.49
1.9,61.4
1.56,55.78
1.7,74.47
1.76,60.1
1.48,72.37
1.81,65.22
1.92,88.98
1.58,65.8
1.82,78.45
1.49,55.47
1.74,50.07
1.43,65.16
1.97,58.61
1.83,58.52
1.75,55.68
1.59,53.79
2.0,87.45
2.14,48.14
1.38,64.12
2.0,28.92
2.08,72.94
1.82,68.04
1.51,75.43
1.92,50.39
1.71,36.97
1.63,55.44
1.5,96.36
1.86,58.48
1.91,65.77
1.63,56.08
1.85,73.32
1.52,45.47
1.91,61.88
1.76,64.27
1.71,79.46
1.73,85.95
1.92,26.7
1.9,56.74
1.86,37.49
1.78,49.32
1.77,70.33
1.87,77.65
1.8,78.88
1.89,32.11
1.69,40.16
1.26,41.02
1.96,48.57
2.19,59.88
1.84,67.39
1.73,59.5
1.72,54.27
1.73,79.0
1.75,45.67
1.53,56.13
1.65,42.44
1.55,52.13
1.8,69.68
1.69,32.69
1.85,50.34
1.72,51.1
1.95,53.92
1.79,60.19
2.19,53.02
1.37,50.56
1.62,58.85
1.93,57.8
2.26,36.25
1.7,33.63
1.76,51.73
1.7,70.82
2.02,57.37
1.69,49.12
1.89,74.39
1.69,20.94
1.5,71.51
1.81,70.43
1.85,75.53
2.01,59.11
1.73,57.0
1.63,50.62
1.86,80.93
1.8,46.63
1.81,67.52
1.74,71.46
1.98,63.79
1.82,46.72
2.13,97.55
1.97,63.72
1.88,58.25
1.42,52.2
1.87,48.25
1.83,74.28
1.91,83.47
1.96,81.05
1.67,57.82
1.91,35.44
1.64,52.0
2.14,67.92
1.48,62.61
1.4,54.73
1.42,43.56
1.57,53.9
1.53,74.41
2.14,46.51
1.68,53.68
1.48,70.53
1.97,44.78
1.63,34.05
1.5,68.33
1.93,70.82
1.87,63.51
1.66,38.67
2.03,58.44
1.78,83.97
2.07,38.77
1.85,64.48
2.06,51.85
1.77,63.47
1.51,42.13
2.24,35.06
1.64,68.55
1.71,62.32
1.61,63.82
1.71,38.05
1.8,66.8
1.79,79.34
1.88,52.21
2.11,65.37
1.73,52.81
1.5,73.68
1.51,47.92
1.62,58.44
1.42,73.17
1.92,67.25
1.65,46.08
1.69,59.74
1.75,95.91
1.47,58.84
1.58,94.34
1.88,54.26
1.87,51.41
1.66,65.22
2.11,78.02
1.49,46.41
1.68,56.23
1.7,87.81
1.19,56.61
2.14,78.47
1.82,91.38
1.54,30.48
2.16,61.69
1.87,24.67
1.84,33.05
1.63,56.84
1.77,79.17
1.44,50.99
1.91,82.67
1.68,59.19
1.78,64.63
1.99,60.17
1.81,77.6
1.8,59.11
1.81,79.34
1.6,47.33
1.92,47.42
2.06,57.71
1.9,43.21
1.93,43.41
1.57,69.08
1.58,63.49
1.46,44.87
2.0,78.11
1.7,51.83
2.03,64.06
1.59,42.64
1.66,53.22
1.77,76.29
1.93,79.33
1.76,44.15
1.79,52.88
1.75,53.37
1.79,51.25
1.53,72.63
1.77,54.61
1.71,80.06
1.74,35.81
1.85,67.49
1.61,75.01
1.73,48.11
1.69,55.62
1.83,43.19
1.91,48.58
1.56,45.09
1.87,76.39
2.16,47.54
1.46,86.25
1.58,77.89
1.57,51.1
1.69,57.57
2.07,40.29
1.75,34.11
1.61,72.56
1.87,67.46
1.63,63.85
1.97,81.75
1.81,60.97
2.03,58.42
1.62,60.84
2.36,78.09
1.91,40.68
1.88,57.52
1.74,89.86
1.6,62.57
1.58,52.46
1.72,87.09
1.59,60.8
1.81,77.14
1.58,54.83
1.87,72.02
1.94,54.13
1.61,68.14
1.99,74.47
1.7,42.04
1.98,50.33
1.84,67.41
1.97,70.24
1.55,54.89
1.73,73.47
2.04,85.73
1.63,54.67
1.34,46.52
1.36,66.28
1.25,59.24
1.33,63.4
1.67,77.3
2.01,55.82
1.66,74.51
1.81,74.85
1.73,51.65
1.75,35.83
1.72,34.17
1.72,81.44
1.84,107.3
1.51,67.28
1.95,68.64
1.93,72.31
1.71,56.52
1.91,61.64
1.61,50.41
1.64,68.56
1.78,71.9
1.71,70.7
1.66,43.67
1.62,80.3
1.64,70.05
1.94,60.31
1.36,62.25
1.82,42.65
1.7,59.21
1.9,59.63
1.85,79.17
1.19,61.16
1.87,58.43
1.81,61.06
1.75,61.08
1.66,51.28
1.92,66.83
1.67,49.05
2.12,54.7
1.86,36.69
2.18,64.89
1.59,61.48
1.4,45.23
1.89,53.66
1.92,77.74
1.76,56.28
1.44,35.37
1.66,84.86
1.87,80.12
1.71,58.98
1.73,52.81
1.71,46.29
1.56,58.53
1.64,59.0
1.46,38.15
2.1,62.2
1.65,63.26
1.85,73.62
1.55,60.53
1.91,28.9
1.38,54.54
1.93,39.19
1.74,61.47
2.17,54.13
1.49,67.56
1.77,70.31
1.82,61.89
2.0,36.87
1.67,74.7
1.77,37.19
1.32,55.55
1.58,38.98
1.84,57.78
1.97,82.24
1.69,71.57
2.16,65.39
2.1,55.59
1.74,67.39
1.27,34.14
1.39,41.15
1.59,71.66
1.97,53.88
1.81,79.55
1.33,40.4
1.7,81.1
2.07,64.75
1.68,70.66
1.6,65.28
2.16,105.51
1.76,43.84
1.65,48.74
1.82,49.61
1.75,86.03
1.66,67.59
1.99,60.93
1.97,35.18
1.92,73.65
1.73,74.66
1.98,88.04
1.74,56.06
1.84,48.4
1.96,61.99
1.91,56.05
2.11,42.76
1.84,77.18
1.41,89.93
1.52,72.07
2.02,56.67
1.68,49.4
1.83,65.32
1.58,43.69
1.95,70.32
1.67,56.79
2.04,49.89
1.64,65.45
1.97,59.82
1.88,54.32
1.61,70.54
1.97,51.05
1.57,45.6
1.59,35.25
1.89,102.65
1.62,44.14
1.63,66.63
1.68,78.36
1.55,32.83
1.96,52.99
1.87,77.64
1.74,56.04
1.73,77.76
1.84,58.29
2.1,64.73
1.92,82.0
1.65,41.67
1.91,33.12
1.73,75.88
1.71,91.76
2.12,57.32
1.67,62.44
1.65,51.49
1.36,72.14
1.47,70.24
1.84,69.21
1.61,42.29
1.85,53.43
1.53,64.25
1.6,81.18
1.88,46.1
2.04,31.34
1.87,71.06
1.99,70.88
2.09,56.3
1.96,44.29
1.57,17.65
1.73,59.44
1.88,65.07
1.67,50.06
1.84,57.13
1.43,42.8
1.58,54.21
1.86,55.31
1.3,46.37
1.53,53.04
1.75,47.41
1.41,73.58
1.76,67.69
1.59,45.05
1.69,40.03
1.7,73.49
1.79,71.25
1.64,54.85
1.77,42.33
1.63,38.32
1.86,49.97
2.09,58.86
1.79,53.51
1.78,69.99
1.52,52.66
1.89,54.95
1.6,93.21
1.59,51.85
1.86,64.74
1.79,48.24
1.97,75.73
2.04,46.62
1.64,60.41
1.78,61.0
2.1,80.72
1.94,44.04
1.89,57.73
2.01,39.12
1.63,79.68
1.88,76.78
2.03,71.78
2.07,43.0
1.59,79.12
1.7,65.76
1.83,84.22
1.69,63.57
1.67,76.82
1.89,56.45
1.68,65.85
1.39,57.65
1.82,49.48
1.67,71.09
1.6,72.68
1.44,15.55
1.95,24.32
1.3,87.28
1.41,82.95
1.69,63.14
2.0,60.37
2.01,79.04
1.52,59.29
1.71,84.99
1.45,75.88
1.95,71.89
1.45,52.36
1.72,72.01
1.96,43.09
1.71,71.04
2.04,59.64
1.58,42.44
1.82,42.79
1.92,62.47
1.72,54.83
2.03,67.85
1.86,64.46
1.42,45.98
2.54,58.01
1.88,70.16
1.77,63.93
1.47,59.11
1.77,75.86
1.66,78.02
1.88,72.62
1.82,43.17
2.12,56.47
1.78,66.25
1.85,33.89
1.82,67.51
1.72,55.84
1.71,84.9
1.97,69.4
1.91,62.14
1.62,66.86
1.53,50.83
1.74,71.91
1.98,88.17
1.74,90.35
2.1,62.38
1.59,53.63
1.78,81.46
1.25,60.33
1.63,61.94
1.69,49.24
1.85,78.8
2.09,27.71
1.76,30.0
2.04,50.55
1.88,58.21
1.95,46.32
1.66,47.97
2.03,66.75
1.54,85.97
1.85,36.99
1.56,69.19
1.65,65.74
1.46,80.54
1.65,45.66
1.82,44.27
1.74,49.84
1.48,47.76
2.04,55.8
1.82,70.56
1.95,52.84
1.91,53.41
1.62,78.43
1.36,41.08
1.57,56.12
2.0,48.54
1.54,34.21
1.91,57.4
1.63,52.51
1.83,56.84
1.39,60.29
1.98,38.56
1.74,55.53
1.93,50.01
1.79,48.54
1.91,64.08
1.73,41.91
1.9,52.28
1.45,49.27
1.53,60.88
1.9,90.9
1.74,55.53
1.7,67.41
1.71,60.52
1.85,41.69
1.63,44.12
1.85,74.24
1.57,57.11
1.67,48.38
1.95,62.61
1.96,44.76
1.53,65.22
1.92,55.33
1.54,61.43
1.9,34.83
1.37,63.34
1.53,82.6
1.65,77.75
1.72,61.74
2.03,52.43
1.93,54.92
2.07,44.55
1.99,62.88
1.69,42.01
1.7,42.51
1.96,58.16
1.76,68.12
1.72,70.2
1.48,59.64
1.73,67.93
1.19,74.86
1.66,50.81
1.55,54.29
1.89,46.1
1.65,53.38
1.68,76.58
2.02,41.25
1.54,90.7
1.81,39.22
1.37,64.54
1.77,77.0
1.83,79.26
1.92,60.15
1.57,86.22
1.81,59.75
1.81,82.78
1.75,69.8
1.78,71.52
1.84,56.94
1.83,66.15
1.55,70.93
1.51,60.44
2.25,34.53
2.13,56.43
1.47,57.56
1.84,50.06
1.88,99.53
1.9,55.28
1.78,36.45
1.56,61.39
1.71,43.33
1.65,59.85
1.78,66.0
1.7,35.4
1.72,35.82
1.95,64.95
2.0,78.74
1.51,58.11
1.66,45.11
1.59,66.66
1.99,46.83
1.74,49.5
2.04,85.1
1.65,60.47
1.76,62.53
1.48,67.02
2.01,65.39
1.68,51.28
1.45,69.77
1.63,51.07
1.29,69.95
1.74,42.94
1.77,64.68
1.81,50.08
2.05,85.54
1.69,31.84
1.91,55.47
1.81,58.96
1.71,76.69
1.33,68.35
1.94,68.33
1.65,28.95
1.75,76.03
1.5,77.17
1.81,77.75
1.77,68.68
1.76,50.26
1.72,52.95
1.96,46.29
1.94,63.35
1.9,75.96
2.41,64.23
1.63,58.07
1.67,70.35
1.55,89.86
1.84,51.76
1.61,63.94
1.21,60.87
1.51,26.05
1.76,83.35
1.95,79.69
1.44,67.09
1.63,64.03
1.72,65.49
1.6,61.05
1.86,58.99
1.75,45.3
1.81,64.44
1.6,53.55
2.06,61.89
1.75,81.16
2.01,49.56
1.66,58.64
1.87,36.41
1.61,66.62
1.56,63.38
1.61,54.85
1.74,49.48
1.71,80.79
2.06,61.15
1.52,40.0
1.53,62.37
2.09,57.33
1.87,68.79
1.37,59.88
1.85,65.24
1.8,50.6
1.32,69.77
1.68,72.97
1.75,93.82
1.9,32.31
1.94,51.48
1.77,62.63
1.96,47.1
1.72,65.39
1.58,59.81
1.56,41.15
1.86,60.88
1.36,32.5
1.89,57.6
1.53,46.9
1.68,68.76
1.85,36.47
1.99,87.86
1.36,66.35
1.59,57.37
1.76,68.56
1.63,82.64
1.92,61.54
1.33,60.79
1.82,59.53
1.84,56.34
1.76,46.58
1.97,55.11
1.5,62.65
1.97,60.67
1.61,60.44
1.9,47.78
1.69,47.28
1.91,73.99
1.91,52.69
1.46,24.17
1.72,64.25
1.73,48.08
1.7,78.81
1.6,62.63
2.12,71.64
1.79,58.28
2.06,34.37
1.64,33.67
1.54,51.46
1.78,77.26
1.64,69.41
2.23,47.81
1.8,30.78
1.98,71.38
1.71,67.22
1.68,47.94
1.74,70.88
1.82,90.54
1.92,42.34
1.73,68.69
1.61,62.02
1.54,67.63
1.73,27.76
1.86,84.74
1.84,38.69
1.75,69.31
1.63,59.63
1.78,60.17
1.86,88.38
1.74,35.47
1.77,59.62
1.72,52.41
1.93,40.95
1.66,46.5
1.79,44.52
1.83,55.15
1.9,39.03
2.05,54.22
1.89,37.73
1.87,48.51
1.46,69.4
1.87,64.31
2.21,50.28
1.58,58.58
1.55,44.56
1.71,73.08
1.95,62.02
1.85,59.04
1.65,78.79
1.74,62.57
1.96,63.05
1.88,69.11
2.24,44.76
1.95,73.89
1.82,79.82
1.87,52.53
1.68,58.71
1.55,54.8
1.78,58.89
1.85,69.82
1.47,53.23
1.65,39.34
1.68,58.58
1.8,45.3
1.7,73.06
1.84,57.2
1.77,45.07
1.96,68.32
1.41,32.83
2.08,44.37
2.03,50.7
1.76,49.29
1.88,70.59
1.87,51.84
1.6,57.75
1.78,66.4
1.91,65.4
1.81,31.98
1.96,58.52
1.77,76.71
1.77,74.48
1.6,55.76
1.68,66.04
1.66,80.16
2.09,53.38
1.8,58.85
1.55,37.37
1.83,67.81
1.71,80.42
1.14,59.78
1.85,38.96
1.44,52.99
1.87,38.0
1.56,66.53
1.46,65.41
1.85,54.0
1.45,82.29
1.66,69.16
1.79,37.29
1.87,31.87
1.9,69.37
1.74,70.45
1.58,40.32
2.13,48.43
1.63,29.48
2.11,88.5
1.66,39.83
1.98,59.41
1.96,49.1
1.54,57.22
1.82,64.25
1.9,35.14
1.89,12.46
1.71,68.08
1.81,39.0
1.67,52.93
1.52,70.0
1.95,11.41
1.64,69.18
2.03,59.32
1.87,81.37
1.57,59.06
1.72,57.5
1.69,65.16
1.58,86.66
1.85,69.33
1.65,65.24
2.08,63.82
1.92,39.01
1.57,44.01
1.75,79.71
1.7,62.43
1.44,39.79
1.94,57.97
1.94,48.42
1.94,55.77
1.66,76.23
1.96,48.54
1.71,53.38
1.94,60.41
2.11,58.03
1.78,45.3
1.47,62.31
1.69,66.04
1.88,55.58
1.99,98.42
1.52,37.28
1.71,52.79
1.8,53.82
1.84,92.1
1.93,48.35
1.56,55.29
1.67,86.23
1.95,51.21
1.83,57.75
1.84,26.22
1.98,87.02
1.77,49.61
1.86,57.87
1.69,66.9
1.48,41.75
1.49,63.69
1.76,70.96
1.71,32.8
1.62,73.88
1.81,60.71
1.57,43.47
1.77,64.42
1.75,61.6
1.58,50.1
1.29,68.77
2.04,49.54
1.81,69.38
1.22,73.12
1.66,68.07
1.83,57.23
1.7,59.92
1.87,52.46
1.56,63.39
1.79,55.34
1.74,57.08
1.71,61.29
1.71,61.4
1.79,71.87
1.94,48.3
1.64,19.84
1.67,64.61
1.78,50.11
1.73,50.01
1.83,57.16
1.89,55.17
2.01,74.68
1.73,63.69
1.29,53.16
1.74,49.95
1.82,48.49
1.71,64.28
1.72,17.55
1.26,72.67
1.85,56.2
1.69,50.0
1.45,77.12
1.58,64.1
1.58,72.06
1.87,51.27
1.86,79.05
2.05,56.7
1.88,58.58
1.48,72.19
1.47,56.22
1.98,35.02
2.06,64.4
1.7,49.91
1.86,59.48
1.45,94.89
1.36,44.11
1.52,59.02
1.68,42.0
1.65,47.21
1.7,24.19
1.65,76.45
1.89,67.94
2.04,73.04
1.76,98.39
2.16,58.75
1.62,40.24
1.64,52.98
1.83,64.52
1.68,62.73
1.99,71.63
1.62,39.9
2.01,75.52
1.79,73.76
2.26,52.75
1.66,55.94
1.71,53.59
1.78,86.21
1.31,54.42
1.87,62.76
1.85,40.83
1.77,74.53
1.44,67.43
1.44,59.49
1.87,57.51
1.99,48.62
2.07,53.6
1.57,56.86
1.54,68.1
1.7,86.45
1.35,59.22
1.63,45.91
1.92,47.36
2.08,70.15
1.81,80.72
2.08,87.01
1.83,87.75
1.79,55.02
1.72,62.91
1.79,53.4
1.7,55.76
1.72,56.44
1.62,65.04
1.8,70.2
1.75,51.81
1.45,62.94
1.7,57.6
1.58,47.06
1.34,39.15
1.85,57.83
2.06,63.64
2.22,73.63
2.06,74.99
1.58,69.26
1.99,77.1
1.97,64.57
1.35,40.85
1.92,58.55
1.88,62.54
1.78,60.98
1.81,77.16
1.76,51.99
2.08,63.81
1.67,90.57
1.71,63.08
1.75,57.42
1.81,81.58
1.4,54.77
2.03,37.93
1.8,68.54
1.86,68.48
1.79,49.13
1.71,56.73
1.68,55.39
1.77,49.25
1.78,54.49
1.98,60.56
1.82,34.84
1.72,65.61
2.15,61.0
1.49,87.59
1.48,49.61
1.82,56.19
1.71,52.06
1.4,40.82
1.69,44.15
1.61,64.49
1.98,61.02
1.63,72.89
1.96,53.02
1.84,42.01
1.71,65.1
1.75,61.29
1.84,50.65
1.29,66.58
1.82,52.23
1.67,38.4
2.11,69.58
1.61,42.01
1.98,67.11
1.25,49.86
1.91,71.18
1.81,74.23
1.7,43.36
1.73,59.24
1.7,64.19
1.83,95.39
1.72,43.2
1.39,91.76
1.71,72.67
2.2,48.08
1.76,81.69
1.81,38.63
1.66,77.19
1.78,35.73
1.79,64.0
1.7,76.2
1.92,43.15
1.57,58.11
1.72,31.04
1.85,63.51
1.7,61.94
1.51,62.29
1.86,39.86
1.55,63.91
1.66,85.47
1.58,70.75
1.73,72.46
1.66,71.39
1.66,71.27
1.89,58.53
2.1,75.41
1.68,42.91
1.85,58.34
1.68,48.58
1.77,46.84
1.98,49.82
1.76,67.59
1.59,70.39
1.6,83.74
1.63,62.69
1.75,64.85
1.92,53.38
1.48,63.58
1.54,84.36
1.57,60.92
1.4,60.13
2.02,32.24
1.74,53.41
2.13,32.8
1.47,66.27
2.01,37.13
1.61,82.87
1.67,55.16
1.55,36.04
1.56,45.62
1.49,37.34
1.79,67.32
1.49,62.9
1.7,62.42
1.75,53.51
1.88,75.63
1.77,65.01
1.81,44.48
1.85,50.22
1.75,81.84
1.82,35.99
1.55,49.2
1.59,75.36
2.13,40.6
1.75,61.97
1.61,52.84
2.03,27.33
1.72,47.52
1.62,53.21
1.46,64.16
1.91,50.4
1.53,52.98
1.64,44.63
1.88,69.28
1.79,69.71
1.73,59.78
1.71,69.8
1.98,76.72
2.2,53.69
1.64,71.51
1.86,54.91
2.14,68.33
1.97,74.02
1.61,63.39
1.66,59.77
1.63,46.79
1.57,33.38
1.63,80.3
1.8,66.1
1.63,52.27
1.93,70.99
1.77,45.18
1.67,51.19
1.93,72.74
1.81,19.69
1.8,64.76
1.96,62.85
1.86,80.83
1.73,64.39
1.94,41.04
1.81,79.57
2.33,68.59
1.97,78.72
1.98,91.31
2.01,45.02
1.77,68.57
2.01,53.93
1.75,51.88
1.58,64.57
1.64,73.26
1.86,40.89
1.44,76.09
1.79,69.39
1.6,37.8
1.89,59.54
1.6,40.67
2.12,46.45
1.9,45.07
1.5,58.78
2.1,64.81
1.7,53.41
1.6,75.25
1.55,47.81
1.86,69.08
2.05,70.96
1.63,86.97
1.55,53.39
1.52,85.34
2.05,80.74
2.08,50.61
1.68,58.0
1.86,67.21
1.75,59.68
1.74,68.45
1.94,65.71
1.84,48.22
1.82,78.01
1.69,62.08
1.91,56.99
1.69,58.12
1.76,74.4
1.79,68.94
1.51,79.45
1.69,69.54
1.69,72.83
1.77,64.52
1.53,44.98
1.51,62.31
2.07,49.17
1.98,71.27
1.93,79.13
2.11,57.33
1.83,63.27
1.73,51.84
1.85,39.1
1.37,64.17
1.53,46.42
1.9,22.17
1.76,60.7
1.49,56.2
1.88,86.86
1.95,52.46
1.88,71.73
1.74,63.33
1.58,44.75
1.77,69.78
1.84,57.91
1.68,48.38
1.87,64.62
1.81,66.68
1.82,66.17
1.34,90.39
1.97,71.35
2.09,56.1
1.67,39.25
1.45,52.38
1.88,74.52
1.66,77.08
1.56,89.05
1.99,93.9
1.47,68.37
1.89,68.64
1.5,55.0
2.04,66.3
1.85,69.56
1.7,50.2
1.78,35.61
1.87,67.33
1.92,90.77
1.92,56.72
1.86,74.57
1.65,68.49
1.88,81.75
1.49,43.53
1.95,27.98
1.92,78.66
2.03,84.59
1.63,38.38
1.79,51.02
1.92,52.9
1.81,44.98
1.66,23.12
1.81,46.28
1.76,43.64
1.95,64.75
1.62,92.33
1.82,87.26
1.81,57.72
1.9,53.98
1.74,63.06
1.78,60.7
1.74,53.36
1.76,60.94
1.75,86.39
1.68,46.91
2.32,51.5
1.58,67.19
1.52,62.85
1.59,52.9
1.61,49.03
1.75,60.13
2.04,53.28
2.09,31.34
1.8,85.72
1.25,50.15
1.83,73.41
1.49,50.67
1.65,36.99
1.52,82.35
1.84,51.08
1.62,66.65
1.9,73.23
1.85,69.72
1.7,68.75
1.77,40.92
1.93,91.14
1.68,67.59
1.93,51.76
1.75,56.64
1.8,60.64
1.91,37.94
2.02,53.3
1.85,61.43
1.76,58.02
1.89,74.62
1.44,52.14
2.08,46.93
1.48,69.66
1.93,49.42
1.64,72.4
1.85,74.43
1.73,56.78
1.81,50.91
1.59,63.85
1.32,58.78
1.83,45.99
1.63,58.8
1.62,57.1
1.6,55.48
2.15,62.23
1.63,95.01
1.82,40.28
1.52,52.21
2.05,52.55
1.64,80.62
1.23,63.73
2.29,67.94
1.53,77.99
2.01,32.53
1.9,95.61
1.88,76.34
1.7,31.91
1.79,91.0
1.99,62.54
1.69,50.84
1.8,68.52
1.94,82.16
1.77,74.83
1.67,64.96
2.04,57.85
1.82,79.06
1.72,39.32
1.59,57.08
1.55,65.64
1.93,56.29
1.94,48.64
1.32,47.16
1.63,46.14
1.94,53.0
2.23,56.79
2.18,66.14
1.94,43.44
2.02,20.98
1.64,56.92
1.9,75.44
1.5,60.93
1.64,49.23
1.81,52.14
2.18,45.87
1.9,76.2
1.8,79.57
1.72,69.69
1.49,91.47
1.87,45.33
1.68,73.51
1.8,62.74
1.57,47.86
1.77,73.7
1.44,71.46
1.85,44.75
2.01,69.42
1.93,40.4
2.17,64.59
1.81,57.83
1.85,72.61
1.85,53.36
1.57,66.21
2.18,38.23
1.95,55.35
1.7,40.99
1.57,54.07
1.87,58.64
1.92,65.79
1.78,52.31
1.79,79.82
1.71,54.71
1.75,44.3
2.02,83.55
2.03,70.0
1.45,60.21
1.78,59.99
1.51,70.24
1.48,75.16
1.87,72.94
1.58,16.44
1.12,69.1
1.88,53.52
2.01,81.99
2.16,47.16
1.67,60.32
2.04,58.8
1.23,73.86
1.54,49.94
1.85,62.72
1.84,37.62
2.01,62.72
1.94,76.47
1.73,29.42
2.06,51.53
1.89,72.0
2.09,59.39
1.59,86.89
1.81,43.97
1.66,45.05
1.91,59.3
1.71,59.7
1.7,88.01
1.48,78.3
1.81,65.84
1.97,37.6
1.95,63.85
1.15,64.6
1.43,58.73
2.15,21.41
1.71,69.9
1.72,85.71
1.98,67.88
1.79,51.88
1.62,71.34
1.71,31.8
2.13,70.33
1.47,48.15
2.01,57.98
1.69,96.0
1.7,71.76
2.12,60.94
1.62,64.84
1.92,43.24
1.68,71.3
1.46,64.04
1.72,74.2
1.98,45.13
1.71,41.14
1.86,39.15
1.79,56.72
1.76,51.54
1.67,87.3
1.78,66.79
1.34,111.38
1.66,57.52
1.39,65.06
1.8,50.21
1.82,37.06
1.59,57.84
1.91,63.4
1.83,77.12
1.81,31.42
1.68,62.53
1.84,58.29
1.96,62.49
1.62,42.43
1.59,67.26
1.99,78.8
1.29,51.23
1.23,46.07
1.39,53.09
1.79,48.02
1.78,74.93
1.85,69.34
1.77,67.29
2.06,77.29
2.07,58.19
1.98,66.67
1.52,45.44
1.82,48.54
1.58,66.1
1.65,43.04
1.55,51.52
1.75,65.4
1.86,76.15
1.77,37.28
1.51,67.21
1.44,82.73
1.6,70.79
1.59,47.02
1.91,57.83
1.69,61.27
1.71,47.14
1.72,78.86
1.97,41.48
2.08,64.35
1.84,46.23
1.7,76.06
2.03,45.65
1.84,69.59
1.67,60.01
1.95,80.52
1.79,47.65
1.46,84.86
1.88,71.63
1.81,66.55
1.38,33.84
1.32,30.61
1.78,47.57
1.89,56.73
1.87,54.87
1.48,57.34
1.68,32.08
1.88,50.95
1.44,58.53
1.77,50.0
1.79,62.44
1.93,65.02
1.26,57.91
1.78,76.05
2.15,77.58
1.63,77.48
1.69,34.6
1.94,68.25
1.6,69.44
1.98,63.41
1.86,84.9
1.44,48.11
1.77,70.93
1.46,80.8
1.94,61.54
1.41,60.76
1.39,33.37
1.52,50.75
1.59,63.8
2.01,64.58
1.75,44.16
1.81,44.92
1.96,56.73
1.61,69.46
1.63,73.41
1.58,59.73
1.91,81.53
2.08,54.68
1.8,55.51
1.63,65.78
1.65,49.45
1.53,59.32
1.9,32.24
1.54,61.29
1.7,75.88
1.52,48.48
1.37,67.31
1.24,74.62
1.57,57.99
1.79,67.86
1.69,39.06
1.71,52.15
1.54,86.1
1.56,47.27
1.54,59.69
1.79,37.71
2.16,71.65
1.72,58.57
1.48,63.12
2.0,72.84
1.55,75.62
1.86,56.3
1.66,55.12
1.77,69.16
2.44,50.9
1.6,67.29
1.63,104.96
1.83,68.62
1.75,65.66
1.67,57.55
1.61,50.71
1.87,74.68
1.97,53.72
1.56,63.14
1.52,83.64
2.12,54.24
1.46,61.06
1.89,40.49
1.84,73.12
1.53,74.53
1.9,58.66
1.53,56.41
1.53,57.32
1.47,83.4
1.92,75.86
1.66,63.09
1.97,72.78
1.59,36.44
1.87,99.11
2.03,83.93
1.73,98.74
1.52,78.61
1.68,80.77
2.0,60.77
1.9,40.79
1.67,58.22
1.4,40.65
1.89,54.15
2.08,67.49
2.08,65.42
1.84,38.45
1.71,40.83
1.59,45.44
1.64,59.46
1.42,61.76
2.18,41.8
1.74,54.77
2.23,73.95
1.74,49.42
1.43,67.36
2.12,45.96
1.58,74.54
1.66,46.08
2.08,62.82
2.04,53.5
1.34,62.77
1.75,53.41
1.53,79.61
1.86,48.03
2.11,81.68
1.65,28.69
2.05,51.24
1.56,47.65
2.18,50.97
1.58,60.03
1.66,57.27
1.81,77.66
1.47,54.51
2.06,55.18
1.54,59.55
1.87,44.19
1.49,60.87
1.77,76.01
1.75,60.9
1.67,40.65
1.85,68.42
1.53,59.1
2.05,74.93
1.79,32.39
1.19,64.45
2.15,19.66
1.84,56.56
2.06,68.65
1.71,46.33
1.3,74.57
1.67,73.37
1.5,70.87
1.74,45.95
1.65,62.8
1.79,63.18
1.4,68.66
1.76,69.14
1.66,47.83
1.88,71.23
1.41,48.41
1.66,94.74
2.08,67.97
1.51,71.36
1.9,54.96
2.02,28.11
1.75,73.71
1.95,40.79
1.96,63.81
2.06,55.63
1.68,63.9
1.73,74.49
1.91,58.58
1.6,90.3
1.76,83.78
1.61,56.77
1.28,62.82
1.82,79.31
2.09,55.89
1.68,68.49
1.77,67.16
1.66,80.48
1.6,56.58
1.78,56.46
1.96,55.98
2.19,53.26
1.92,51.43
1.56,52.83
1.46,57.34
2.01,37.95
1.81,48.75
1.63,53.37
1.54,47.42
1.59,91.4
2.0,60.19
1.75,58.55
1.47,32.34
1.92,65.43
1.81,62.56
1.69,56.17
1.87,47.25
1.58,65.81
1.94,67.83
1.47,41.85
1.57,50.13
1.47,60.13
1.67,65.6
1.6,51.44
1.68,35.7
1.75,65.81
1.86,53.27
1.78,69.5
1.8,57.29
2.07,41.62
1.7,63.64
1.46,85.13
1.94,40.9
2.12,59.63
1.79,66.19
1.92,63.59
1.62,66.42
1.79,63.82
1.88,42.89
1.83,70.97
1.64,61.04
2.08,66.13
1.78,88.71
1.94,45.26
1.83,38.84
1.92,60.71
1.94,56.15
1.71,49.86
1.92,26.0
2.18,54.71
2.15,71.56
1.9,55.33
2.09,49.88
1.49,69.0
2.04,66.14
1.76,85.43
1.39,55.03
1.78,52.18
1.95,52.22
1.61,38.8
2.14,41.4
2.02,67.24
1.49,32.78
1.95,44.94
1.77,70.05
1.64,51.79
1.69,47.1
1.66,59.02
1.51,55.47
1.66,81.26
1.89,46.63
2.04,41.12
2.04,46.23
1.64,28.98
1.73,77.73
1.58,53.25
1.96,70.23
1.42,38.8
1.48,59.16
1.62,58.41
1.8,46.76
1.69,32.05
1.76,59.49
1.76,73.25
1.8,53.14
1.54,50.37
1.68,61.38
1.87,32.1
1.81,61.71
1.97,67.8
1.6,46.4
1.93,53.82
2.04,41.4
1.72,72.7
1.8,69.42
1.8,45.38
1.86,64.43
1.83,48.2
2.04,59.86
1.85,77.31
1.92,66.86
1.82,61.15
1.54,83.06
1.84,37.41
1.7,71.58
1.62,62.8
1.57,69.59
1.74,51.77
1.63,58.55
2.16,58.32
2.07,46.22
1.7,50.34
1.89,50.1
1.98,66.93
1.72,54.33
2.12,95.36
1.93,32.74
1.73,47.51
1.39,62.87
1.56,49.47
1.81,53.77
1.66,54.41
1.75,54.45
1.59,43.16
1.8,53.44
1.66,90.93
1.44,37.37
1.68,64.92
1.64,77.82
1.44,59.78
2.03,72.45
1.73,45.51
1.68,91.28
1.9,64.1
1.73,67.72
1.9,76.9
1.45,65.28
1.54,62.78
1.86,73.13
2.05,50.97
1.76,43.94
1.79,60.06
1.59,72.83
1.74,59.87
1.61,78.57
1.72,61.98
1.89,51.85
1.35,82.35
1.79,79.68
1.59,55.54
1.62,50.95
1.98,67.87
1.81,58.49
1.94,47.98
1.4,62.62
1.67,55.64
1.66,80.26
1.63,44.08
1.84,70.05
1.93,66.97
1.53,60.6
1.56,53.07
1.5,68.76
1.98,92.45
1.65,37.52
1.73,71.25
1.68,62.12
1.56,72.21
1.82,41.69
1.83,54.95
1.94,64.25
1.7,22.89
1.69,71.59
1.63,49.1
2.05,60.38
1.95,46.62
1.74,47.69
1.88,54.72
1.63,62.42
2.16,59.19
1.63,64.61
1.67,66.14
1.68,71.46
2.09,62.41
1.78,47.13
1.97,33.25
1.73,69.76
1.51,64.51
1.91,54.29
1.62,64.06
1.49,44.41
1.67,103.68
1.88,97.49
2.1,52.76
1.47,57.93
1.31,66.19
1.94,58.18
1.81,58.87
1.64,69.54
1.83,66.12
1.9,84.7
2.13,63.57
1.72,66.0
2.01,51.06
1.66,58.09
1.65,51.6
1.83,75.07
1.53,107.1
1.49,53.79
1.94,42.73
1.36,61.19
1.77,40.02
1.69,39.73
1.68,57.11
1.48,69.67
1.34,65.59
1.62,55.91
1.52,80.37
1.66,60.2
1.77,53.66
1.6,64.9
1.54,29.01
1.81,63.36
1.6,75.83
1.56,70.36
1.69,51.1
1.81,35.52
2.17,64.94
2.07,67.01
1.5,75.25
1.49,45.97
1.76,61.18
1.86,53.88
1.72,68.49
2.18,74.74
1.99,29.49
2.08,42.24
1.67,55.23
1.57,67.65
1.54,44.68
1.73,55.67
1.5,45.61
1.62,68.14
1.66,48.15
1.94,44.01
1.66,69.96
1.47,71.68
1.66,68.76
1.79,49.05
1.86,37.83
1.57,45.32
1.88,64.25
2.03,39.61
1.85,74.12
1.8,60.59
1.66,82.46
1.63,65.92
1.34,79.75
1.87,65.24
1.68,59.1
1.78,62.34
1.85,86.4
1.59,64.89
1.95,62.78
1.77,46.82
2.05,51.46
1.78,42.38
1.81,84.29
1.7,54.92
2.05,39.38
1.33,50.33
1.64,73.87
1.69,48.59
1.44,56.01
1.59,64.73
1.32,61.46
1.79,67.16
1.47,27.25
1.82,57.16
1.7,43.32
1.58,83.76
1.44,90.45
1.61,43.01
1.81,40.57
1.72,32.19
1.88,27.78
1.59,74.81
2.07,56.23
1.7,80.14
1.58,66.6
2.01,61.39
2.02,42.29
1.73,20.71
1.65,44.47
1.93,45.5
1.57,64.24
1.94,57.43
1.47,84.61
1.73,43.0
1.75,63.91
1.99,58.56
1.38,51.18
1.8,68.85
1.73,65.79
1.75,61.66
1.57,47.05
1.49,39.68
1.66,68.6
1.7,42.63
2.05,55.75
1.77,71.66
1.75,55.15
1.89,47.58
1.43,81.24
1.89,71.61
1.93,49.64
1.93,63.0
1.68,73.18
1.5,62.66
1.55,73.0
1.8,33.78
1.86,60.93
2.01,43.12
2.05,57.56
1.92,60.14
1.76,49.27
1.8,53.69
1.7,40.57
1.96,47.65
1.87,83.52
1.79,57.85
1.5,51.71
1.96,62.26
1.44,62.46
2.0,76.52
1.95,61.45
1.43,34.47
1.74,72.95
1.5,43.96
1.72,80.07
1.86,67.46
1.72,51.87
1.48,60.09
1.8,50.89
1.8,69.73
1.74,63.8
1.54,37.49
1.68,66.18
1.8,56.48
1.72,63.56
2.17,65.76
1.8,72.55
1.71,28.2
1.85,63.67
1.53,44.21
1.83,87.46
2.07,84.91
1.57,61.29
1.81,72.68
1.9,64.46
1.41,36.63
2.08,68.3
1.54,72.14
1.68,62.04
1.83,47.92
1.7,74.73
1.91,109.8
1.78,44.28
1.86,61.75
1.76,47.1
2.04,45.6
1.35,42.29
1.82,57.52
1.69,36.66
1.56,92.47
1.59,56.83
1.64,65.07
1.87,60.07
1.57,41.13
1.72,22.28
1.81,67.06
1.52,63.58
1.97,36.69
2.23,54.73
1.62,69.63
1.93,58.38
1.69,71.26
1.86,78.26
1.71,43.71
2.19,64.06
1.69,39.03
1.91,99.85
1.87,57.85
1.53,67.8
1.32,73.93
1.87,55.03
1.92,69.49
1.64,49.25
1.62,51.44
1.95,44.11
1.92,54.1
1.94,48.93
1.8,51.68
1.59,52.32
1.51,50.86
1.35,61.81
1.74,46.71
2.13,53.47
1.85,75.33
1.73,64.21
1.45,69.05
1.62,74.36
1.75,71.69
1.71,43.66
1.93,41.61
1.72,46.7
1.89,59.15
1.73,51.6
1.71,57.14
2.0,77.7
1.6,41.32
1.69,63.24
1.49,54.39
1.77,40.53
1.96,68.75
1.89,59.76
1.9,36.9
1.96,63.09
1.88,69.66
1.9,61.33
1.83,40.23
1.55,75.57
1.86,56.56
1.94,57.39
1.57,56.21
1.8,64.83
1.97,80.08
1.68,53.33
1.49,78.16
1.76,55.17
2.07,37.09
1.57,74.51
1.73,39.97
1.6,64.03
1.68,69.32
1.8,55.51
2.05,85.86
1.61,78.12
1.61,73.95
1.58,63.94
1.53,56.16
1.44,61.76
1.58,62.65
1.73,44.52
1.76,64.42
1.98,65.13
1.59,73.07
1.59,67.66
1.6,94.63
1.79,48.65
1.72,36.97
1.91,65.35
1.59,68.32
1.93,55.57
1.94,57.39
1.7,81.56
1.63,69.41
1.79,59.78
1.59,74.01
2.15,52.17
1.78,56.46
1.91,41.08
1.5,53.94
1.4,35.93
1.89,60.18
1.85,66.48
1.6,41.62
1.64,24.96
1.61,54.53
1.8,69.47
1.93,58.66
1.44,41.43
1.85,67.37
1.58,46.69
1.64,44.45
1.72,61.57
1.48,88.11
2.32,66.14
2.23,39.57
1.9,60.61
1.88,62.25
1.54,41.94
2.23,72.59
1.75,47.1
1.73,43.98
1.99,77.41
1.8,56.85
1.59,82.9
1.71,43.8
1.67,68.05
1.76,64.85
1.86,91.12
1.86,31.57
2.01,52.85
1.75,100.42
1.94,51.16
2.09,48.05
1.5,53.36
1.89,50.05
1.54,64.3
1.45,59.25
2.07,65.93
1.98,43.37
1.85,92.83
1.65,40.85
2.05,58.29
1.48,55.57
1.76,59.14
1.85,47.07
2.01,56.33
1.44,75.09
1.14,34.85
1.77,61.3
1.81,44.23
1.78,92.38
1.57,107.55
1.74,56.18
1.44,44.41
1.83,96.54
1.93,54.33
1.6,80.03
1.35,18.29
1.72,30.62
1.71,56.94
1.73,41.15
2.01,66.47
1.78,48.42
2.17,81.72
1.83,38.4
1.53,75.19
1.98,79.26
1.73,70.89
1.65,50.13
1.81,55.48
1.77,43.13
1.44,77.4
1.58,72.46
1.98,57.89
1.79,72.79
1.88,57.67
1.95,97.07
2.11,59.62
1.62,53.91
1.61,76.92
1.57,78.1
1.63,70.52
1.57,54.74
1.75,68.39
1.73,66.51
1.87,57.83
1.51,31.48
1.62,42.72
1.82,52.41
1.89,67.15
1.29,63.51
1.63,57.17
1.7,55.64
1.34,74.68
1.84,41.92
1.99,80.76
1.36,51.59
1.44,58.98
1.94,46.72
1.98,62.13
1.5,32.27
1.55,57.89
1.88,43.91
1.7,28.18
1.65,63.7
2.07,86.58
1.81,67.02
1.39,42.27
1.8,80.81
1.47,60.26
1.9,58.91
1.95,83.78
1.84,78.02
1.94,84.73
2.14,74.47
1.9,71.02
1.68,67.59
1.53,53.3
1.79,61.45
1.54,58.31
1.46,70.81
1.66,94.52
1.39,50.9
1.49,67.26
1.85,56.53
1.65,47.24
1.69,65.96
1.74,41.56
1.36,52.05
1.79,39.21
1.75,56.25
1.74,55.96
1.82,50.56
1.32,97.83
2.13,59.74
1.69,52.04
1.46,43.5
1.77,35.88
1.5,55.73
1.76,41.92
1.86,47.86
1.49,44.03
1.92,84.29
1.78,35.12
1.82,56.74
1.83,33.8
1.85,85.13
1.97,38.66
1.92,57.13
1.85,20.12
1.6,66.27
1.81,78.18
1.64,104.22
1.46,46.15
1.74,79.78
1.57,61.54
1.98,59.53
1.74,78.49
1.76,54.21
1.91,65.28
1.67,72.76
1.7,65.46
1.98,63.78
1.47,19.47
1.58,59.53
1.72,68.63
1.91,84.52
1.8,51.21
1.52,50.8
1.57,63.53
2.09,64.19
1.81,31.85
1.63,55.7
1.65,34.63
2.5,68.07
2.02,47.39
1.42,54.3
1.66,48.95
1.89,42.8
1.69,61.06
1.98,41.34
2.1,61.19
1.75,64.65
1.81,78.99
1.72,78.26
1.93,51.37
2.05,49.66
1.94,10.9
1.53,61.68
1.9,78.07
1.63,46.13
2.1,68.37
1.85,55.76
1.96,75.52
1.75,58.43
1.74,76.19
1.84,40.91
1.74,40.32
2.07,69.82
1.52,68.32
1.89,52.41
1.63,79.08
1.92,67.77
1.39,66.67
2.01,68.81
1.69,49.88
1.5,41.11
1.89,57.21
1.71,36.01
1.81,78.65
2.0,28.96
1.53,91.75
1.6,66.14
1.77,90.2
1.86,59.79
1.61,44.82
1.59,50.17
1.9,62.18
1.95,73.45
2.03,75.27
1.69,69.1
1.23,56.41
1.85,79.23
1.9,79.85
1.46,65.43
1.77,66.96
1.81,58.72
1.82,87.67
1.66,63.03
1.77,50.58
1.87,77.09
1.39,54.99
1.93,68.64
1.68,62.51
1.9,56.81
1.61,37.98
1.41,42.58
1.99,57.32
2.08,35.24
1.38,60.3
1.49,68.14
1.77,49.26
1.54,50.44
1.9,63.52
1.59,67.58
1.65,71.05
1.79,85.03
1.31,53.01
1.69,62.23
2.15,50.55
1.87,56.98
1.55,78.28
1.96,45.46
2.16,49.8
2.0,56.58
1.63,64.53
1.62,62.27
1.68,51.64
1.54,81.3
1.76,69.46
1.55,67.6
1.57,57.78
1.81,54.44
1.64,47.26
1.71,73.53
2.18,57.51
1.82,64.79
1.99,53.31
1.84,80.25
1.87,55.27
1.48,69.56
1.64,56.24
1.7,60.96
1.66,73.7
1.71,89.94
1.78,47.78
1.71,46.89
1.89,41.16
1.7,74.17
1.97,54.22
1.75,54.28
1.63,59.83
1.5,53.31
1.6,19.76
1.7,54.24
1.99,47.78
1.5,62.21
1.96,49.0
1.73,59.07
1.58,55.01
1.49,60.18
1.86,65.32
1.37,45.24
1.66,74.72
1.66,84.77
1.72,76.95
1.87,71.3
1.63,65.52
1.77,52.06
1.51,54.89
1.76,64.12
1.87,57.15
1.68,60.23
1.82,75.12
1.77,65.51
1.68,55.19
1.74,81.73
1.71,54.91
1.36,58.77
1.45,27.24
1.84,62.06
1.33,65.33
1.98,47.97
1.47,67.18
1.76,52.65
1.84,73.34
1.62,44.41
1.98,81.75
1.48,73.02
1.93,60.72
1.78,35.29
1.72,44.68
1.95,52.6
1.86,73.43
1.51,59.54
2.03,89.74
1.95,75.59
1.77,51.44
1.78,61.28
2.02,55.2
2.08,85.41
1.87,71.3
1.52,66.71
1.77,72.37
1.91,67.01
1.58,46.83
1.51,59.89
1.75,42.43
1.77,53.28
1.83,71.92
2.0,75.97
1.31,82.2
1.77,66.79
1.71,39.15
1.75,39.18
1.78,53.77
1.96,87.81
1.86,54.36
1.74,65.71
1.77,33.86
1.77,79.12
1.72,47.97
2.01,47.6
1.37,47.91
1.47,77.99
2.07,64.17
1.86,57.74
1.88,75.23
1.98,24.04
1.35,40.7
2.04,50.89
1.52,58.54
1.55,62.35
1.96,66.31
1.52,60.81
1.86,65.35
2.04,42.84
1.62,56.58
1.63,62.56
1.88,81.79
1.93,56.84
1.82,74.44
1.43,77.85
2.07,67.06
1.87,82.22
1.28,46.98
1.57,28.78
1.54,46.5
1.59,41.44
1.8,61.8
1.61,75.82
1.99,63.58
1.97,52.26
1.76,50.06
1.54,82.9
1.75,48.73
1.83,55.82
1.98,35.22
1.66,65.25
1.77,72.99
1.55,65.5
1.66,61.54
1.98,66.62
2.07,60.9
1.68,65.93
1.7,59.12
1.6,32.14
1.44,85.0
1.82,36.84
1.84,32.81
1.87,57.83
1.76,78.21
1.86,67.65
1.78,58.21
2.0,48.69
1.82,65.96
2.04,71.23
1.96,62.63
1.82,85.13
1.5,56.88
1.85,51.42
1.81,60.05
2.13,62.12
1.9,51.98
1.52,73.05
1.59,14.49
1.94,76.67
1.71,65.32
1.51,29.5
1.85,62.61
1.85,59.52
1.73,68.32
1.92,59.29
1.73,51.69
2.12,61.72
1.53,52.67
1.93,83.71
1.95,82.25
2.0,62.89
1.72,36.68
1.67,71.53
2.1,45.07
1.86,76.76
1.63,72.58
1.92,61.96
2.07,53.33
1.88,55.78
1.6,73.35
1.95,60.75
1.44,51.89
1.91,49.24
1.95,77.55
1.71,62.37
1.81,37.22
1.78,55.65
1.64,62.82
1.58,69.46
1.69,77.12
1.63,57.56
2.05,80.42
1.48,70.09
2.11,73.84
1.7,67.19
1.6,43.96
1.64,66.92
1.54,51.14
1.34,91.27
1.91,61.17
1.72,49.88
1.58,75.86
1.49,57.8
1.64,41.84
1.5,72.74
2.01,57.27
1.37,58.17
1.56,28.37
1.57,53.76
1.85,50.7
1.8,62.0
1.72,61.55
1.72,35.4
1.83,82.16
1.59,38.98
1.85,50.0
1.49,27.36
1.86,48.8
1.65,45.04
1.98,64.53
1.51,54.38
1.66,66.49
1.59,53.42
1.94,56.8
1.47,71.35
1.93,45.11
1.84,68.92
1.86,62.63
1.61,62.96
1.85,68.6
2.1,38.02
1.61,68.58
1.8,65.39
1.7,43.69
1.53,58.85
1.59,61.44
1.85,45.54
1.74,62.36
1.26,52.71
1.86,57.28
1.69,50.52
1.93,80.44
1.62,51.41
2.21,67.48
1.56,71.22
1.9,63.16
1.53,74.87
1.79,44.04
1.52,18.91
2.0,55.83
1.75,76.09
2.05,58.33
1.73,64.57
1.43,52.88
1.58,55.74
1.67,63.95
2.03,36.03
2.3,75.82
1.73,62.25
1.81,77.83
2.0,65.0
1.52,68.71
1.69,77.11
1.88,65.39
1.82,74.59
1.73,66.3
1.55,57.52
1.77,71.26
1.89,65.9
1.61,55.94
1.76,64.11
2.17,76.18
1.85,77.79
1.87,71.46
1.54,69.83
1.64,57.91
1.69,120.72
1.58,56.25
1.51,68.5
1.44,75.63
1.71,52.47
1.92,39.18
1.87,43.57
1.89,34.64
1.93,53.95
1.58,55.7
1.61,84.61
1.7,41.31
1.57,44.79
1.8,54.44
1.62,38.58
1.97,72.94
1.57,84.36
1.86,51.71
2.09,48.68
1.51,76.1
1.64,64.65
1.6,39.63
1.54,53.98
1.8,78.13
1.85,43.91
1.6,45.36
1.65,71.19
1.8,84.14
1.81,47.95
1.53,50.34
2.21,66.28
1.7,73.86
1.77,64.16
1.62,34.6
1.7,71.31
1.57,72.07
2.08,51.42
1.38,74.89
1.71,61.19
1.88,75.1
1.43,61.22
1.84,91.82
2.01,34.57
1.81,54.54
1.75,78.98
1.74,73.94
1.69,62.67
1.87,98.82
1.58,53.79
1.82,72.43
1.68,75.1
1.63,72.92
1.52,27.59
1.88,70.59
1.63,84.48
1.97,36.45
1.74,80.69
1.75,63.87
1.53,67.22
1.55,43.49
1.86,70.49
1.73,60.05
1.76,80.86
1.88,47.4
1.85,60.58
1.68,76.65
2.33,57.5
2.38,45.39
1.84,68.98
1.46,69.69
1.57,62.1
1.87,68.1
1.63,60.44
1.73,39.17
1.35,46.8
1.84,70.06
1.99,47.08
1.51,73.72
1.68,63.45
1.68,66.86
1.25,51.61
1.65,75.33
1.64,69.99
1.47,37.5
1.58,56.39
1.8,45.37
1.82,43.98
1.81,62.32
1.63,78.68
1.59,34.61
1.78,67.9
1.67,68.06
1.96,72.94
1.98,55.29
1.66,67.61
1.42,56.19
1.79,73.53
1.62,62.42
1.91,78.46
1.89,64.9
1.54,60.93
1.96,40.51
2.03,49.53
1.83,44.54
1.87,58.14
1.65,77.09
1.58,60.85
2.0,45.51
1.8,53.97
1.73,76.56
1.74,47.43
1.9,63.93
1.71,54.05
1.65,81.86
1.69,70.53
1.72,76.36
1.65,38.68
1.77,61.55
1.65,50.63
1.66,57.86
2.15,66.37
1.75,22.79
2.09,69.57
1.55,49.48
1.9,62.07
1.75,65.33
2.09,26.81
1.66,59.32
2.11,47.53
1.63,55.61
1.75,82.81
1.52,37.93
1.74,49.57
1.71,41.63
1.53,59.54
1.38,80.99
1.93,91.42
1.85,66.7
1.61,40.47
1.73,62.36
1.6,64.24
1.72,75.95
1.8,64.02
1.82,68.66
1.65,46.58
1.71,55.62
1.85,58.15
1.62,64.34
1.64,54.33
1.77,48.89
1.85,76.13
1.67,72.2
1.91,69.28
1.74,68.63
1.62,62.6
1.77,47.74
1.46,31.45
1.38,74.59
1.82,43.77
1.39,69.05
1.59,48.41
1.95,55.96
1.82,84.6
1.58,50.82
1.75,67.31
1.46,41.25
1.52,75.17
1.72,78.95
1.87,57.22
1.74,55.88
1.73,70.1
1.62,57.8
1.76,40.69
1.91,47.88
1.97,86.34
1.82,83.03
1.77,58.47
1.82,37.68
1.86,50.56
1.65,72.97
1.68,40.64
1.62,58.63
1.62,53.6
2.13,77.63
1.91,76.67
1.61,65.21
1.76,66.75
1.81,52.2
1.73,50.2
1.56,62.79
2.04,66.93
1.51,49.13
1.92,52.33
1.76,49.33
1.59,74.64
1.72,69.27
1.38,66.42
1.8,69.35
1.9,62.65
1.64,47.52
1.81,63.72
1.25,64.49
1.64,67.52
1.48,79.17
1.94,57.74
1.79,76.74
1.74,76.66
1.71,48.31
1.7,62.59
1.91,73.7
1.54,48.52
1.94,60.29
1.89,76.48
1.96,88.35
1.68,77.67
1.97,66.4
1.95,24.63
1.84,38.73
1.97,50.87
1.66,71.45
1.74,62.15
2.02,67.91
2.15,50.65
1.42,87.63
1.94,36.99
1.5,57.03
1.79,60.99
1.63,59.21
1.79,48.96
1.69,68.27
1.83,66.07
1.88,63.33
1.68,61.72
1.88,61.64
1.69,80.21
1.89,66.02
1.99,92.9
1.78,55.5
1.8,82.92
1.39,64.17
1.6,54.6
1.63,75.87
1.72,70.4
1.47,67.98
1.49,75.41
1.73,27.03
1.79,41.81
1.95,87.75
2.04,40.3
1.86,69.43
1.68,55.54
1.89,50.67
1.59,86.48
1.79,52.87
2.11,12.03
2.04,59.51
1.69,58.65
1.94,58.09
1.67,47.9
1.63,27.87
1.43,68.88
1.86,37.81
1.81,59.84
1.95,44.2
1.91,63.88
1.69,69.63
1.92,76.14
2.13,70.09
2.21,77.28
1.9,57.68
1.81,50.54
1.83,45.0
1.77,43.97
1.63,74.62
2.07,65.49
1.9,44.8
1.78,74.31
2.05,82.09
1.92,60.37
1.5,36.31
2.0,82.24
1.67,51.3
1.49,66.42
1.81,50.61
1.69,70.83
1.6,45.01
2.07,55.08
1.76,56.44
1.74,59.29
1.7,50.72
1.67,77.42
1.79,79.78
1.69,41.32
2.4,60.29
1.54,66.32
1.77,46.37
1.66,56.69
1.61,50.22
1.62,44.61
1.76,70.13
1.94,69.78
1.99,70.84
1.89,76.89
1.67,51.6
2.13,58.66
2.11,52.06
2.1,75.94
1.66,48.17
1.87,59.55
1.89,86.44
1.87,71.01
1.86,66.11
1.86,42.1
1.69,48.94
1.99,71.54
2.03,103.19
1.88,55.42
1.76,37.99
1.83,48.84
2.0,64.07
1.72,39.91
1.89,65.07
1.6,64.09
1.83,59.31
1.5,52.21
1.52,67.16
2.17,60.33
1.78,72.13
1.97,53.24
1.21,55.49
1.7,76.38
1.71,42.41
1.64,87.48
1.78,78.99
1.58,64.88
2.0,64.5
1.88,96.12
1.52,44.83
1.85,78.9
1.81,50.3
2.07,67.7
1.96,49.25
1.53,68.2
1.59,77.16
1.95,37.59
1.49,65.37
1.87,76.29
1.61,43.2
1.85,67.99
1.86,63.27
1.82,68.39
1.6,63.08
1.76,46.95
1.99,66.72
1.71,46.56
1.84,76.46
2.08,85.14
2.13,70.92
2.06,64.42
1.78,65.21
1.77,57.46
1.71,63.18
1.65,34.68
1.72,89.35
1.47,69.96
1.87,70.33
1.69,45.71
1.98,65.21
1.96,70.64
2.03,71.76
1.59,87.69
1.7,63.4
1.6,72.41
1.44,28.13
1.62,43.21
1.59,64.64
1.98,51.08
1.2,42.56
1.85,47.6
1.7,52.85
1.66,74.2
1.69,79.86
1.84,67.13
1.73,56.76
2.23,66.69
1.79,72.55
1.66,72.3
1.64,42.73
1.71,60.38
2.07,45.01
1.86,55.9
2.03,39.3
1.5,66.92
1.65,55.59
1.76,90.16
1.71,77.13
1.89,61.92
1.96,48.53
1.68,41.31
1.18,88.3
1.57,42.32
1.51,38.25
1.87,57.74
2.16,50.0
1.82,65.4
2.11,54.41
1.82,50.4
1.97,56.61
1.81,35.42
1.9,86.87
1.56,35.53
1.69,43.6
2.05,68.84
1.94,102.39
1.48,66.8
1.97,76.33
2.0,55.27
1.69,67.25
1.82,96.7
1.64,53.6
1.81,84.74
1.78,37.57
1.67,79.37
1.74,65.56
1.64,44.13
1.89,48.1
1.62,61.92
1.82,60.35
1.81,69.14
1.59,107.0
1.67,60.21
1.81,77.05
2.02,78.06
1.62,42.86
1.73,51.11
1.71,80.63
1.4,68.3
1.72,50.57
1.9,94.59
1.91,52.21
1.65,55.69
1.86,83.87
1.7,46.92
1.82,61.61
1.94,51.34
1.62,70.04
1.85,60.44
1.42,82.02
1.95,48.23
1.44,24.67
1.74,81.18
1.71,67.67
1.92,50.74
2.11,50.41
1.71,92.49
1.75,58.48
1.54,56.05
1.86,25.97
1.95,92.46
1.99,38.28
1.55,74.99
1.58,85.54
1.93,50.62
1.94,86.78
1.34,87.23
1.59,72.78
1.31,45.41
1.71,70.13
1.78,56.02
1.82,37.73
1.84,69.79
1.88,30.18
1.73,53.41
1.45,57.67
1.79,63.9
1.9,36.49
1.47,61.13
1.56,47.47
1.99,32.87
2.08,63.49
1.66,59.33
1.49,44.11
1.63,52.41
1.58,49.21
1.66,40.5
1.91,66.9
1.37,49.97
1.34,36.9
2.14,40.8
1.59,49.32
1.99,47.66
1.38,28.76
1.92,70.78
1.47,73.26
1.55,78.16
1.47,43.38
1.86,66.33
1.54,50.95
1.55,65.28
1.88,64.96
2.06,65.91
1.84,46.92
1.8,28.09
1.91,58.99
2.08,73.97
1.7,82.63
1.55,51.47
2.12,66.97
2.03,73.03
1.51,66.78
1.91,52.73
1.83,66.4
1.74,50.42
1.52,65.78
1.47,31.12
1.64,65.62
1.74,58.6
2.08,27.98
1.47,75.65
1.95,48.08
1.79,80.87
1.91,72.98
2.15,53.67
1.66,65.81
1.78,57.39
1.41,41.95
1.62,48.26
2.06,71.78
2.15,66.21
1.78,58.56
1.74,60.91
1.84,50.18
1.81,46.47
2.2,65.81
1.55,57.39
1.41,67.89
1.6,73.57
1.47,50.93
1.77,57.44
1.76,66.08
1.45,51.0
1.74,52.65
1.69,65.6
1.8,53.89
1.62,51.14
1.67,51.1
1.69,69.98
2.02,60.01
1.52,64.54
1.63,41.46
1.76,74.31
1.74,32.08
1.98,24.7
1.69,75.51
1.82,51.75
1.76,60.54
1.58,71.29
1.69,84.52
1.74,17.02
1.59,64.1
2.27,84.24
1.79,41.79
1.96,58.66
2.08,70.69
2.15,54.42
1.39,60.21
1.62,54.58
1.47,52.54
1.65,60.83
1.68,74.56
1.46,76.62
1.97,71.83
2.0,64.64
1.61,76.2
1.89,63.08
1.92,67.86
1.88,54.59
1.48,80.42
2.24,49.11
2.17,70.9
1.65,59.56
1.66,77.69
1.48,59.07
1.87,73.64
1.75,43.54
1.85,62.78
1.67,62.62
1.5,50.41
1.56,32.68
1.63,96.68
1.78,63.22
1.7,45.76
1.91,44.32
1.89,30.46
1.94,64.09
1.81,40.69
2.12,62.92
2.18,59.76
1.65,54.5
1.54,58.89
1.9,50.57
1.87,46.84
1.91,50.84
1.65,39.87
1.55,54.76
1.72,43.96
2.1,63.63
1.71,38.84
1.89,51.21
1.64,69.5
1.57,73.72
1.59,37.49
1.3,78.12
1.62,63.56
1.93,92.76
1.76,55.02
1.58,73.67
1.74,66.58
1.8,41.04
1.92,63.8
1.6,71.82
1.75,68.25
1.82,67.83
1.96,53.26
1.5,53.66
1.69,60.02
1.39,79.44
1.58,70.49
1.82,74.55
2.09,52.26
1.7,70.41
1.67,86.13
1.55,86.6
1.48,72.51
1.58,84.07
1.87,63.66
1.33,58.54
1.71,50.69
1.61,39.21
1.54,80.99
1.8,62.61
1.59,80.73
1.53,67.07
1.63,59.56
1.44,57.54
1.42,34.75
1.59,59.11
1.52,24.53
1.93,64.85
1.73,61.03
1.52,71.43
1.73,92.68
1.89,41.0
1.87,78.68
2.09,67.17
1.59,97.82
2.01,81.37
1.68,72.35
1.77,59.59
1.58,73.36
1.54,65.36
2.11,51.8
2.13,87.48
1.81,45.02
1.92,66.33
1.79,69.39
2.07,45.59
1.39,43.24
2.08,74.46
1.41,56.72
2.07,55.4
2.18,74.06
1.5,67.11
1.61,77.77
1.75,30.67
1.92,42.76
1.32,68.29
1.72,66.03
1.88,83.64
1.91,33.29
1.88,51.93
1.66,26.7
1.67,66.68
1.64,45.08
2.26,93.63
1.54,46.12
1.8,72.94
1.69,64.14
1.72,72.37
1.81,71.9
1.63,61.5
1.76,65.47
1.66,68.59
1.9,69.96
1.67,38.09
1.76,67.64
1.75,60.28
2.13,62.19
2.12,57.02
1.51,63.49
1.59,69.23
1.46,59.14
1.67,71.66
1.72,42.34
1.6,57.93
1.81,73.65
1.64,42.95
1.73,53.95
1.37,75.92
1.87,50.93
1.55,30.46
1.65,48.49
1.87,52.87
1.46,63.52
1.95,76.32
1.8,72.66
1.79,34.61
1.46,35.79
1.48,64.93
1.76,59.77
1.68,65.75
1.63,75.52
1.72,43.7
1.56,62.02
1.71,84.09
1.85,68.11
1.56,53.98
1.57,65.97
1.72,72.96
1.65,55.22
1.73,56.79
1.75,68.41
1.4,47.77
2.06,72.0
1.7,80.77
1.76,62.72
1.5,49.16
1.69,50.39
1.68,71.73
1.53,50.0
1.69,54.33
1.43,42.2
2.19,38.28
1.78,71.72
1.84,57.14
1.8,32.59
1.58,64.09
1.75,46.84
1.21,75.14
1.54,48.8
1.86,63.52
1.69,58.14
1.31,69.49
1.45,60.37
1.91,53.61
1.39,56.21
1.75,67.94
1.38,73.17
1.92,94.2
1.85,44.94
1.93,60.11
1.67,70.85
1.82,72.52
1.79,88.22
1.48,48.12
1.76,50.52
1.61,74.43
1.5,69.77
1.52,66.96
1.97,26.64
1.91,35.99
1.67,61.36
1.34,35.3
1.86,60.24
1.98,51.08
1.87,62.78
1.7,86.45
1.46,62.08
1.73,88.2
1.57,45.92
1.59,38.8
1.73,50.64
1.62,45.67
1.76,58.48
1.93,64.47
1.45,42.13
1.8,53.84
1.83,77.6
1.69,42.18
1.34,34.8
1.57,42.58
2.2,25.31
1.89,60.31
1.51,59.5
1.67,26.57
1.66,37.09
1.77,77.51
1.81,67.89
1.91,66.24
1.77,54.9
1.57,74.58
1.93,43.22
1.59,87.38
1.86,84.58
2.11,76.45
1.77,50.14
1.41,70.65
1.87,49.46
1.83,68.84
1.54,79.91
1.87,80.87
1.76,58.8
1.53,48.75
1.78,64.84
1.71,65.47
1.38,72.35
1.79,43.37
1.43,85.75
1.84,30.52
1.46,66.37
1.84,32.59
1.77,82.87
1.45,57.48
1.84,71.66
1.96,66.86
1.43,87.09
1.56,52.5
1.52,53.15
1.67,87.7
2.02,60.03
1.73,64.25
2.01,60.76
1.69,56.8
1.98,37.9
1.61,89.6
1.65,48.04
1.4,34.87
1.89,57.55
1.7,42.69
1.63,77.84
1.52,46.95
1.85,74.53
1.8,55.97
1.53,66.46
2.01,69.69
1.73,60.99
1.7,65.77
2.1,65.45
1.71,100.97
1.71,35.74
1.67,62.93
2.18,89.44
2.18,88.92
1.94,63.34
1.71,48.75
1.62,41.85
1.83,59.47
1.76,55.43
1.43,57.71
1.98,72.42
1.65,98.06
1.88,68.62
1.73,86.91
1.74,81.11
1.48,60.94
1.57,99.94
1.62,74.78
1.75,61.4
1.82,66.82
1.69,46.83
1.6,87.1
1.96,45.66
1.75,32.08
1.85,59.25
1.82,71.62
1.57,68.43
1.62,71.13
1.92,60.06
2.14,44.11
1.84,79.27
1.61,74.97
2.0,98.32
1.42,61.34
1.58,60.63
2.0,74.8
1.66,69.55
2.05,71.85
1.41,80.33
1.62,52.13
1.82,52.67
1.79,40.39
1.81,49.71
1.74,76.0
1.62,79.75
1.95,58.1
1.62,81.74
1.5,62.47
1.73,59.71
1.24,44.9
1.92,42.39
1.85,52.12
1.74,55.38
1.61,56.76
1.39,73.25
1.41,100.2
1.89,70.18
1.77,59.4
1.83,92.37
1.72,65.7
1.81,74.35
1.43,42.46
1.88,68.83
1.82,60.48
1.93,43.0
1.77,41.46
1.55,74.25
1.84,41.0
1.51,37.77
1.95,53.28
1.81,69.69
1.62,73.96
1.82,70.29
2.07,57.9
1.55,71.71
2.09,40.74
1.77,22.42
1.97,36.16
1.81,37.15
1.85,89.12
2.11,48.64
1.79,82.23
1.72,73.91
1.79,73.09
1.97,58.61
1.71,67.26
1.57,71.79
1.7,59.8
1.86,31.03
1.75,68.43
1.83,50.3
1.6,48.78
2.02,80.97
1.83,73.04
1.83,58.95
1.76,42.85
1.87,56.66
1.73,61.1
1.72,66.62
1.91,56.55
1.69,78.76
1.74,50.81
1.47,42.98
1.7,68.31
1.5,88.64
1.56,66.58
1.62,71.22
2.13,66.89
1.97,55.41
1.81,72.76
1.81,51.18
1.99,42.54
1.33,38.61
1.5,41.16
1.74,50.77
1.6,92.15
1.49,83.1
1.67,58.49
1.87,66.02
1.94,78.13
1.74,68.36
1.81,41.94
1.87,114.52
1.23,73.8
1.88,73.67
1.33,44.26
1.81,62.76
1.86,58.21
1.87,39.69
1.63,60.08
1.87,61.4
1.87,37.35
1.94,56.2
1.44,63.24
1.58,54.78
1.82,83.11
1.71,37.57
1.89,60.7
1.84,71.51
1.79,61.53
1.84,47.4
1.79,59.63
1.57,83.29
1.86,80.87
1.62,49.41
2.06,79.25
1.96,50.32
1.61,59.55
1.78,50.51
1.46,28.08
1.77,51.07
2.06,64.12
1.79,76.17
1.94,46.27
1.99,75.26
1.78,37.65
1.97,41.45
1.71,48.57
1.79,64.11
1.45,80.99
1.6,77.4
1.68,87.87
1.86,77.82
1.53,82.75
1.78,49.88
1.43,45.12
1.67,75.08
1.61,78.48
2.07,59.05
1.6,79.73
1.72,71.43
1.93,73.05
1.61,77.44
1.84,60.84
1.73,51.02
1.57,53.72
1.6,50.92
1.9,74.63
1.63,57.47
1.9,42.72
1.76,66.89
1.58,81.33
1.74,93.34
2.17,32.45
1.76,52.64
1.59,55.72
1.82,54.65
1.67,46.36
1.47,50.69
1.82,57.06
1.55,61.86
2.0,38.77
1.97,54.77
1.89,50.97
1.75,59.24
1.58,61.73
1.81,42.6
1.6,59.18
1.96,47.79
1.47,61.29
2.04,77.88
1.73,55.23
1.61,49.56
1.52,71.41
1.86,45.3
1.83,64.81
1.9,53.68
1.73,78.52
1.63,44.39
1.77,24.32
1.51,58.87
1.72,56.04
1.58,56.74
2.01,72.97
1.84,74.26
1.67,37.09
1.65,54.67
1.96,64.29
1.62,48.8
1.72,72.27
1.86,56.77
1.6,58.33
2.0,55.71
1.8,49.37
2.07,69.38
1.75,59.09
2.31,74.26
1.83,32.48
1.79,57.4
1.48,51.44
1.8,85.79
1.47,57.67
1.69,66.03
1.68,49.66
1.93,48.07
1.69,61.51
1.69,69.23
1.59,58.88
1.68,58.88
1.64,84.33
2.11,38.47
1.58,47.61
1.52,48.43
1.63,57.83
1.97,68.34
1.36,61.35
2.03,50.91
1.56,77.22
1.55,66.79
1.48,18.21
1.84,53.93
1.61,64.16
1.78,44.26
1.75,58.28
1.27,37.55
1.73,84.65
1.83,45.61
1.49,55.74
1.48,28.29
1.73,62.51
2.06,42.65
2.04,45.55
2.09,78.56
1.58,64.82
1.86,53.02
1.64,63.3
1.89,42.8
1.73,64.85
1.38,47.23
1.86,56.37
1.33,72.41
2.22,60.38
2.29,39.25
1.62,54.71
1.74,50.32
1.77,30.37
1.82,85.53
1.87,47.46
1.42,86.44
1.54,59.41
1.92,54.24
1.84,82.71
1.62,38.77
1.49,70.13
1.82,61.18
1.67,74.88
1.95,50.55
1.96,29.68
1.89,78.39
1.81,82.45
1.81,59.68
1.93,56.59
1.6,66.93
1.43,63.16
1.87,71.36
1.8,50.06
1.81,55.84
1.72,78.12
1.3,77.89
2.33,44.1
2.3,64.89
1.65,58.95
1.92,71.47
1.77,26.85
1.8,62.07
1.82,56.94
1.96,61.99
1.62,81.39
1.89,33.3
1.89,41.93
1.24,57.97
2.04,46.35
1.88,60.46
1.63,69.66
1.76,56.63
1.85,63.98
1.69,81.63
1.86,80.33
1.34,37.31
1.79,51.27
1.97,91.27
1.9,54.4
1.79,55.83
1.59,65.7
1.76,50.87
1.51,57.52
1.77,87.71
1.72,77.86
1.85,80.76
2.03,60.95
1.92,43.13
1.58,58.15
1.56,38.7
1.58,62.83
1.58,60.21
1.54,27.31
2.15,74.04
2.01,71.46
1.63,51.53
1.76,65.33
2.25,62.63
1.39,62.91
1.83,49.48
2.15,67.58
1.78,42.55
1.64,47.38
2.0,49.77
2.2,60.19
1.71,55.14
1.99,43.67
1.56,43.07
1.8,71.23
1.88,68.37
1.66,111.29
1.64,75.64
1.88,48.85
1.92,52.76
1.54,61.68
1.63,60.8
1.83,73.24
1.44,66.52
1.54,65.29
1.82,40.85
1.91,75.87
1.8,91.02
1.73,48.25
2.09,48.48
1.79,84.66
1.64,53.14
1.34,50.69
1.86,75.47
1.66,67.99
1.68,56.71
1.73,99.5
1.58,57.24
1.84,58.73
1.72,45.44
2.28,46.78
1.62,70.48
1.81,41.53
1.63,53.21
1.9,57.44
1.57,74.36
1.77,88.63
1.76,70.45
1.83,64.95
1.37,69.3
1.87,83.06
1.77,55.98
1.99,63.83
1.59,74.08
1.72,79.89
1.56,52.63
1.58,75.19
1.88,54.73
1.86,65.73
1.72,69.83
1.78,71.02
1.81,53.07
1.9,31.49
1.87,48.9
2.11,68.09
1.75,80.82
2.05,70.43
1.69,51.27
1.86,74.82
1.8,87.42
1.9,33.52
1.76,49.74
2.1,54.05
1.34,65.06
1.92,86.33
1.89,53.89
1.9,43.4
2.1,50.92
2.02,63.9
1.47,83.38
1.98,64.93
1.66,62.21
1.79,76.73
1.84,63.71
1.58,58.39
1.48,74.03
1.78,87.62
1.78,63.27
1.63,56.0
1.57,42.7
1.75,81.4
1.69,51.73
1.74,92.1
2.12,62.12
1.87,79.44
2.02,59.41
1.63,74.77
2.07,76.55
1.75,62.84
1.78,44.09
1.76,47.93
1.82,78.04
1.44,90.14
1.75,58.21
1.89,87.01
2.04,29.68
1.84,54.06
1.62,52.75
1.47,58.82
1.82,57.88
1.39,59.41
1.72,60.02
1.86,72.79
1.77,71.71
1.7,48.27
1.37,23.54
1.74,50.01
1.96,60.79
1.7,64.6
1.67,61.86
1.83,57.85
1.89,40.27
1.93,83.22
1.58,53.68
1.65,46.55
1.81,62.07
1.95,61.03
2.03,69.49
1.63,54.48
1.93,68.84
2.02,56.56
1.81,48.53
1.71,90.17
1.56,40.21
1.97,59.67
1.75,54.32
2.04,68.93
2.11,61.34
1.48,53.57
1.66,51.43
1.73,59.35
1.54,49.8
1.59,48.85
2.05,49.73
1.63,57.5
1.8,67.97
1.37,52.61
1.62,55.26
1.59,66.06
1.59,77.67
1.72,59.76
1.72,62.64
1.45,45.66
1.65,37.27
1.91,91.55
1.53,59.39
2.17,84.04
2.01,57.86
1.66,48.13
1.32,74.99
1.32,58.05
1.6,61.7
1.6,60.91
1.56,83.46
2.1,43.7
1.95,59.53
1.93,38.17
1.61,73.18
1.92,67.63
1.75,65.18
1.77,66.87
1.84,72.77
2.32,77.06
1.46,43.87
1.72,58.63
1.39,72.24
1.87,58.02
1.79,64.0
2.19,63.7
1.87,65.62
1.46,78.72
1.5,71.95
2.11,51.24
1.29,81.4
1.95,61.28
1.57,49.25
1.7,93.91
1.76,44.62
1.51,58.61
1.59,80.23
1.73,72.19
2.1,91.21
1.88,86.34
1.59,65.65
1.75,56.78
1.59,59.93
1.78,64.2
1.54,46.22
1.68,65.59
2.11,64.59
1.5,93.72
1.91,45.23
1.69,63.64
1.89,44.08
1.72,57.01
1.74,52.19
1.76,47.8
2.03,48.32
1.96,77.15
1.79,60.66
2.04,47.98
1.99,58.31
1.97,60.32
2.0,84.28
1.49,46.35
2.09,41.6
1.52,51.69
1.73,75.2
1.89,50.31
1.33,72.71
1.77,59.88
1.96,63.77
1.8,67.1
1.91,70.03
1.65,40.58
1.44,55.3
1.77,62.12
1.51,27.08
1.69,26.74
1.58,56.7
1.8,65.02
1.59,55.62
1.66,53.54
2.21,85.31
1.75,73.87
1.71,50.75
2.0,67.6
1.85,56.44
2.03,91.05
1.83,94.87
1.83,56.53
1.71,32.74
2.04,73.89
1.82,69.12
1.75,53.39
2.17,60.15
1.34,57.69
1.62,71.5
1.92,70.04
1.59,51.86
1.61,66.2
1.87,63.71
1.76,85.92
1.89,53.62
1.63,53.85
1.75,55.36
1.65,50.37
1.55,38.85
1.55,81.63
1.9,62.29
1.29,49.18
1.69,69.88
1.54,72.36
1.81,65.99
1.69,47.57
1.88,61.75
1.84,50.16
1.39,51.34
1.85,38.29
1.67,67.62
1.75,50.81
1.69,60.7
1.85,50.14
2.21,43.29
1.73,61.07
2.2,49.37
1.63,54.73
1.68,74.51
2.0,74.22
1.78,38.16
1.89,44.3
1.82,51.79
2.08,63.99
1.48,71.12
1.55,45.59
1.83,54.16
2.31,59.87
1.63,59.73
1.86,71.95
2.12,76.01
1.95,67.85
2.21,55.8
1.43,48.9
1.53,68.93
1.35,43.33
1.65,113.73
1.8,56.87
1.58,36.74
1.81,62.9
1.81,73.09
1.61,43.11
1.85,54.84
1.62,56.57
1.59,28.1
1.97,89.36
2.13,70.89
1.94,54.65
1.64,42.81
1.86,73.73
1.94,53.55
1.86,60.98
1.71,65.93
1.22,77.68
1.89,54.34
1.75,32.51
1.77,68.13
1.63,50.6
1.32,67.65
1.72,35.08
1.98,37.2
1.89,36.39
1.64,59.94
1.76,48.73
1.68,56.45
1.35,63.79
1.78,68.57
2.05,64.61
2.13,44.65
1.71,53.19
1.87,52.44
1.38,55.7
1.51,83.33
1.83,78.49
1.85,68.78
1.44,37.59
1.58,55.92
1.59,51.11
1.9,78.05
1.7,56.48
1.76,72.95
1.97,60.11
1.86,38.27
1.55,51.08
1.76,78.28
1.53,60.8
1.78,72.57
1.99,74.2
1.92,76.43
1.89,65.57
1.84,78.96
1.94,60.59
1.81,83.5
1.9,62.85
1.78,78.36
1.86,60.79
1.8,48.34
1.95,55.52
1.96,81.17
1.64,60.42
1.54,51.51
1.71,76.93
2.13,78.26
1.89,85.82
1.29,63.4
1.9,53.42
1.56,52.28
1.77,62.59
1.44,43.0
1.28,30.33
2.09,62.04
1.95,84.09
2.06,69.79
1.87,68.24
1.46,44.18
2.17,85.15
1.19,85.67
1.72,37.43
1.62,77.08
1.61,61.07
1.29,39.76
1.46,63.23
1.67,74.37
2.03,32.6
1.56,47.2
1.85,100.55
1.86,71.63
1.94,59.94
1.63,53.61
1.99,62.57
1.52,43.01
1.88,75.3
1.61,49.57
1.6,49.08
1.63,60.52
1.44,62.36
1.56,39.63
1.82,70.58
1.89,71.09
1.73,82.78
1.95,53.91
1.44,59.18
1.74,86.99
1.9,56.05
1.92,62.71
1.75,70.93
2.2,52.58
1.79,84.4
1.52,71.2
1.81,47.14
1.45,72.02
1.95,74.13
1.69,85.44
1.67,58.12
1.81,55.59
1.73,61.12
1.35,46.41
1.3,32.33
1.68,64.11
1.79,80.21
1.86,50.85
1.7,70.76
1.58,74.89
1.77,63.65
1.58,59.18
1.75,55.88
1.44,74.55
1.68,41.54
1.37,62.38
2.12,43.52
1.66,60.16
1.94,55.89
1.66,53.94
1.74,61.98
1.77,81.09
1.59,49.33
1.66,64.08
1.67,56.08
1.87,49.17
1.6,64.3
1.82,97.6
1.88,82.9
1.6,67.92
1.77,61.0
1.87,66.81
1.86,50.2
1.81,56.58
2.07,59.14
1.56,67.4
2.15,49.21
1.55,60.95
1.62,72.32
1.88,84.79
2.2,54.4
1.57,44.6
1.45,61.38
1.75,53.0
1.65,81.76
2.15,67.71
1.83,66.09
1.61,60.64
1.92,62.9
1.89,70.31
1.45,57.09
2.31,76.26
1.86,51.82
1.75,77.86
1.72,80.19
2.13,52.6
1.82,48.32
1.8,48.05
1.39,69.33
1.62,76.72
1.42,65.68
1.79,45.58
1.86,71.98
1.1,70.27
1.72,52.44
1.4,58.84
1.85,80.75
1.83,89.82
1.53,70.11
1.75,60.8
1.81,57.44
1.8,48.67
2.16,54.01
1.82,79.54
1.48,56.82
1.76,57.32
1.78,66.08
1.74,59.63
1.7,52.43
1.95,62.81
2.14,80.29
2.05,67.7
1.61,53.34
1.62,53.4
1.88,61.01
1.81,75.01
2.17,65.2
1.86,61.79
1.58,61.0
1.46,61.85
1.79,65.42
2.1,42.23
1.59,71.76
1.75,66.12
1.79,51.03
1.63,49.27
1.97,59.32
2.0,74.76
1.76,64.7
1.38,70.52
1.65,65.75
1.74,60.74
1.77,84.83
1.75,68.5
1.77,67.89
1.61,31.93
1.74,59.77
1.91,51.1
1.62,34.11
1.87,89.6
1.86,58.03
1.95,78.37
1.69,43.52
1.37,61.74
1.84,52.25
2.09,54.49
2.07,51.19
1.94,54.39
2.1,63.26
1.69,44.59
1.94,53.2
1.63,48.63
1.65,72.77
1.84,33.72
1.69,81.78
1.57,46.53
1.91,71.22
1.79,53.12
2.04,81.45
1.49,56.93
1.67,59.88
1.65,57.54
1.7,67.03
1.89,68.76
1.52,44.25
1.96,52.11
1.65,54.85
1.98,53.01
2.05,66.47
2.12,82.69
1.55,60.83
1.67,71.67
1.9,48.47
1.94,58.11
1.66,77.08
1.91,81.29
1.76,69.7
1.64,80.84
1.63,51.32
2.0,34.98
1.73,72.44
1.68,43.58
2.13,75.11
1.79,79.6
1.5,56.48
1.77,59.2
1.71,57.11
1.68,34.82
1.81,52.88
1.3,58.22
1.8,68.52
1.55,33.45
1.86,49.01
1.86,61.49
1.21,61.93
1.85,83.75
1.88,49.66
1.8,69.86
1.6,73.93
2.0,51.51
1.92,90.37
1.56,87.22
1.78,77.04
2.03,76.16
1.98,52.43
1.97,66.73
1.72,83.5
1.99,84.41
2.06,50.69
2.16,54.81
1.89,54.42
1.84,63.38
1.86,68.34
1.73,56.44
1.76,49.9
1.75,60.92
1.65,80.97
1.75,61.34
1.72,46.11
1.84,71.6
1.73,49.29
1.83,22.63
1.84,48.49
1.81,70.35
2.22,52.95
1.95,45.12
1.43,61.08
1.5,5.47
1.94,41.67
1.97,75.14
1.69,61.57
1.8,45.01
1.74,61.37
1.72,39.16
1.9,44.07
1.55,49.91
1.61,57.76
1.89,52.6
1.61,65.02
1.76,56.51
1.82,75.17
1.35,59.95
1.89,72.6
1.75,54.63
2.13,36.53
2.25,67.66
1.44,57.65
1.76,57.86
1.66,59.25
1.73,64.27
1.53,60.25
1.53,93.64
1.36,54.34
1.61,76.82
1.85,70.68
1.83,71.12
2.29,55.56
2.04,54.79
1.54,61.47
1.72,83.91
2.04,69.52
1.9,62.39
1.8,62.01
1.53,66.02
1.72,50.5
1.29,59.45
2.03,81.33
1.89,48.75
1.88,41.12
1.7,49.61
1.5,57.27
1.73,76.53
1.89,62.55
2.07,40.79
1.66,66.88
1.45,62.85
1.87,52.77
1.95,48.13
1.74,63.3
1.88,61.96
2.12,75.22
1.68,51.45
1.87,42.14
1.85,44.8
1.89,65.56
1.8,53.37
1.96,51.47
1.73,66.63
1.43,51.81
1.81,63.56
1.83,82.05
1.73,52.35
1.67,50.17
1.81,78.58
1.46,49.4
2.02,64.84
1.69,55.55
1.69,81.49
1.68,50.6
1.47,41.55
1.82,68.87
1.79,64.01
1.95,71.82
1.78,66.41
1.8,83.82
2.14,50.26
1.7,63.3
1.78,41.54
1.64,65.23
1.68,68.16
1.74,62.71
1.45,41.85
1.7,54.21
1.86,91.88
1.97,56.83
1.87,40.7
2.14,75.58
1.9,70.24
1.63,60.7
1.72,35.84
1.95,85.15
2.11,50.11
2.0,50.3
1.88,66.1
2.06,45.89
1.85,80.19
1.84,29.76
1.95,49.69
1.78,99.43
1.67,34.64
1.48,71.65
1.59,62.01
1.8,55.29
1.72,59.51
2.11,61.84
1.58,80.95
1.32,66.07
1.49,50.64
1.62,58.19
1.55,79.02
1.65,46.0
1.79,80.48
1.69,71.86
1.66,70.8
1.79,54.56
1.67,85.4
1.89,51.79
1.76,65.42
1.7,49.17
1.85,40.78
1.58,21.44
1.66,68.76
1.55,44.65
1.68,57.57
1.62,63.91
1.73,57.38
1.53,77.53
1.52,43.34
2.08,56.92
2.2,65.95
2.06,64.17
1.78,57.13
1.35,34.03
1.93,47.16
1.74,78.9
1.67,61.75
1.85,45.39
1.86,45.56
2.06,79.23
2.17,46.92
1.82,69.26
1.62,62.2
1.79,54.45
1.49,69.64
1.68,81.29
1.54,63.23
1.94,64.13
2.0,81.02
1.7,62.4
1.85,78.7
1.83,73.84
1.91,61.62
1.74,63.29
1.97,70.68
1.64,87.68
1.96,60.04
1.99,88.17
1.74,66.96
1.84,33.53
1.77,76.84
1.87,51.7
1.89,46.94
1.8,60.44
1.71,66.69
1.92,62.53
1.84,71.01
2.23,44.2
1.53,53.33
2.14,53.41
1.83,51.26
1.91,65.03
1.63,47.19
1.67,60.22
1.82,50.15
1.76,61.92
1.47,52.14
1.77,59.89
1.77,35.23
1.66,52.81
1.96,52.92
1.99,79.9
1.59,42.4
1.69,52.05
1.64,67.23
1.79,38.84
1.96,41.19
1.84,60.0
1.72,53.61
1.65,67.73
2.05,61.7
2.01,83.29
1.85,93.86
1.51,47.45
1.95,57.53
1.78,60.63
1.56,50.11
2.03,52.29
1.86,61.15
1.48,61.92
1.7,31.1
1.72,38.25
1.64,59.6
1.88,71.26
1.96,95.94
1.68,43.52
2.16,66.69
1.8,45.62
2.11,72.47
1.85,57.69
1.96,56.43
2.04,69.1
1.63,46.18
1.97,59.51
1.59,41.16
1.74,66.89
1.77,56.47
1.92,37.0
1.4,37.23
1.79,57.45
1.75,63.74
1.43,45.51
1.4,48.37
1.7,35.69
1.45,89.78
1.81,63.61
1.53,75.06
1.66,38.3
1.63,54.74
1.8,79.35
1.83,61.24
1.33,63.26
1.33,65.99
1.91,39.14
1.54,60.02
1.84,68.1
1.82,54.38
1.79,33.46
1.76,45.85
1.84,70.45
1.52,54.1
1.78,50.57
1.84,57.39
1.91,46.67
1.89,52.03
1.71,87.4
1.79,65.9
1.79,62.2
1.61,71.34
1.78,49.65
1.8,58.45
1.67,88.56
1.78,45.52
1.98,53.94
1.64,81.91
2.22,75.29
1.78,58.84
1.88,58.89
1.95,75.47
1.82,72.23
1.63,44.14
1.72,67.83
1.89,60.7
1.85,44.91
1.21,69.71
2.09,59.43
1.69,52.71
1.62,20.22
1.87,70.84
1.6,35.88
1.85,52.88
1.57,75.43
1.73,61.86
1.75,60.71
1.94,70.84
1.88,63.59
1.69,51.27
1.33,54.36
1.59,92.53
1.84,35.47
1.9,53.76
1.54,58.24
1.78,82.68
1.7,49.95
2.04,65.83
2.0,43.85
1.83,72.05
1.36,75.26
1.71,52.11
1.67,69.73
1.76,70.09
1.46,28.51
1.99,54.21
2.06,66.1
1.71,28.91
1.7,45.93
1.67,67.65
1.75,49.98
1.87,39.13
2.06,66.24
1.76,57.62
1.75,77.76
2.03,63.48
1.52,54.83
1.95,53.18
1.95,86.31
1.88,48.58
1.63,75.03
1.87,80.78
1.87,50.23
2.1,47.41
1.72,66.88
1.88,74.29
1.53,59.46
1.8,55.67
1.74,60.59
1.63,60.29
1.69,61.87
2.13,48.84
1.85,49.71
1.77,59.49
1.53,62.77
1.65,52.29
1.81,53.14
1.8,50.24
2.04,33.96
1.76,56.06
1.72,47.18
1.75,52.42
1.77,79.9
1.74,76.42
1.78,45.44
1.88,61.13
2.01,61.42
1.67,44.26
1.48,66.47
1.87,68.62
2.06,82.69
1.73,57.93
1.89,33.03
1.6,49.76
1.79,71.02
1.66,63.65
1.69,52.15
1.63,38.1
1.67,31.02
1.68,48.79
1.79,52.3
1.78,63.59
1.94,47.34
1.73,73.65
1.56,37.83
1.7,67.51
1.53,49.87
1.95,60.78
1.97,47.54
1.49,59.8
1.49,45.59
1.99,43.77
1.66,47.46
1.77,73.24
1.32,74.89
2.0,60.29
2.11,82.87
1.81,75.29
1.56,78.46
2.08,35.3
1.78,53.45
1.7,76.26
2.15,58.5
1.57,40.97
1.88,79.34
1.51,85.23
1.91,84.82
1.64,56.72
1.51,79.43
2.15,60.25
1.77,49.92
1.56,49.96
1.44,93.39
1.6,85.57
1.98,32.92
1.73,89.35
1.53,78.24
2.06,78.57
1.54,73.21
1.74,49.13
1.84,31.03
1.73,35.6
1.79,62.81
1.3,66.59
1.17,60.77
1.83,66.95
1.52,49.75
1.91,58.23
1.56,40.17
1.44,72.27
1.72,56.15
1.66,65.79
1.74,67.56
2.05,60.87
1.59,64.46
1.7,38.39
1.95,51.22
1.66,70.4
1.55,67.95
1.79,73.89
1.86,46.03
1.27,68.69
1.61,41.55
1.87,71.22
1.85,71.2
1.82,72.14
1.72,77.94
1.49,91.12
1.71,70.04
2.08,45.51
1.92,77.63
1.35,78.62
1.55,76.07
1.54,73.94
1.93,52.15
1.89,65.32
2.1,58.5
2.0,43.51
1.52,54.19
1.76,79.92
1.63,61.37
1.43,36.17
1.89,37.17
1.93,69.88
1.68,56.16
2.05,70.77
2.01,53.9
1.7,67.31
1.67,84.7
1.94,50.3
1.96,65.44
1.64,89.2
1.74,59.52
1.93,48.23
2.12,54.36
1.87,51.75
2.07,61.41
1.86,67.66
1.59,45.11
1.97,59.38
2.2,38.75
